50
3
1 2 3
2 3 5
3 5 6
2 3 4
1 2 3
10
6 14 21 27 32 36 37 38 39 57
2 10 11 12 13 14 15 16 17 49
1 2 3 4 5 6 7 8 9 47
4 12 19 25 26 27 28 29 30 52
4 12 19 25 26 27 28 29 30 53
46 49 51 53 55 56 59 60 63 64
7 15 22 28 33 37 40 41 42 58
3 11 18 19 20 21 22 23 24 51
2 10 11 12 13 14 15 16 17 48
5 13 20 26 31 32 33 34 35 55
6 14 21 27 32 36 37 38 39 56
3 11 18 19 20 21 22 23 24 50
8 16 23 29 34 38 41 43 44 60
9 17 24 30 35 39 42 44 45 63
7 15 22 28 33 37 40 41 42 59
1 2 3 4 5 6 7 8 9 46
5 13 20 26 31 32 33 34 35 54
47 48 50 52 54 57 58 61 62 64
9 17 24 30 35 39 42 44 45 62
10
10 11 12 13 14 15 16 17 18 19
7 8 9 10 11 12 13 14 15 16
6 7 8 9 10 11 12 13 14 15
1 2 3 4 5 6 7 8 9 10
9 10 11 12 13 14 15 16 17 18
5 6 7 8 9 10 11 12 13 14
1 2 3 4 5 6 7 8 9 10
2 3 4 5 6 7 8 9 10 11
4 5 6 7 8 9 10 11 12 13
10 11 12 13 14 15 16 17 18 19
6 7 8 9 10 11 12 13 14 15
9 10 11 12 13 14 15 16 17 18
5 6 7 8 9 10 11 12 13 14
3 4 5 6 7 8 9 10 11 12
7 8 9 10 11 12 13 14 15 16
3 4 5 6 7 8 9 10 11 12
4 5 6 7 8 9 10 11 12 13
8 9 10 11 12 13 14 15 16 17
8 9 10 11 12 13 14 15 16 17
2
2 4
2 6
4 8
7
9 21 24 26 27 31 37
16 19 24 27 28 31 33
8 12 15 19 20 24 25
2 6 8 10 12 16 19
2 3 4 6 8 9 11
4 12 15 18 20 24 25
10 15 18 23 25 26 27
6 10 12 14 17 21 23
19 23 25 31 34 37 38
6 14 19 23 25 27 31
8 17 20 25 26 28 34
3 10 12 15 16 19 23
11 23 25 27 30 33 38
7
2 3 4 5 6 7 8
6 7 8 9 10 11 12
5 6 7 8 9 10 11
3 4 5 6 7 8 9
5 6 7 8 9 10 11
7 8 9 10 11 12 13
4 5 6 7 8 9 10
4 5 6 7 8 9 10
7 8 9 10 11 12 13
1 2 3 4 5 6 7
6 7 8 9 10 11 12
3 4 5 6 7 8 9
2 3 4 5 6 7 8
4
4 7 9 11
6 8 11 13
5 8 11 13
2 3 4 5
3 5 7 8
5 7 9 11
3 5 7 8
10
17 25 30 33 35 37 40 44 49 54
21 30 36 40 43 45 49 52 55 59
4 7 10 14 17 19 21 25 28 32
19 22 25 29 33 35 37 40 45 49
10 21 23 26 28 33 36 40 44 47
14 18 19 21 26 30 33 35 40 43
10 15 16 19 23 27 30 33 36 38
17 19 20 22 28 31 35 37 43 45
23 34 38 43 45 49 50 56 59 61
25 27 34 35 40 41 44 46 52 56
28 29 37 39 44 45 49 50 55 59
32 34 41 45 47 50 54 57 59 61
7 11 13 17 21 24 25 26 30 34
7 17 19 21 22 29 32 35 39 45
4 5 6 7 10 14 17 18 21 23
18 26 33 35 37 40 43 46 50 57
6 13 16 19 20 25 30 34 37 41
14 24 27 30 31 35 38 41 45 50
21 26 30 32 36 38 40 43 49 50
6
13 16 21 27 29 31
6 10 16 18 21 24
15 16 25 28 31 34
5 8 12 13 16 20
1 2 6 9 13 16
1 5 6 10 11 15
6 12 16 20 22 25
11 13 22 24 29 31
2 8 10 11 13 16
16 20 24 28 31 34
10 11 20 23 27 28
2
6 8
4 8
2 6
3
3 4 5
3 4 5
1 2 3
2 3 4
2 3 4
4
3 6 7 11
6 7 14 18
10 14 16 18
11 14 18 23
7 8 16 19
12 18 19 23
6 7 8 14
2
22 222
2 22
2 22
10
4 5 7 8 10 12 14 16 18 19
7 8 10 12 15 16 17 19 21 23
2 4 5 7 8 9 11 13 15 16
9 12 13 16 18 19 21 23 24 26
2 4 6 7 9 11 13 15 16 18
11 12 15 16 18 19 21 23 24 27
18 19 21 23 25 26 27 30 31 34
11 14 15 17 20 21 22 24 25 27
7 9 11 12 14 16 17 19 20 21
9 10 13 15 16 18 20 21 23 25
16 19 20 21 25 27 28 31 33 34
15 18 19 20 23 24 26 29 30 31
8 10 11 14 16 18 19 21 22 25
15 16 17 19 21 23 24 27 29 31
13 16 18 19 21 23 25 27 28 30
6 7 9 10 11 13 15 18 19 20
5 7 9 11 13 15 16 17 20 21
13 14 16 17 19 21 22 25 26 28
4 5 7 9 10 12 14 16 18 19
8
8 10 12 13 14 15 18 19
6 8 9 10 12 14 16 18
7 9 11 14 15 17 21 23
2 4 6 8 10 12 14 15
2 4 5 6 7 9 11 13
10 12 13 14 15 17 20 22
13 15 17 20 22 23 25 27
3 5 7 9 12 13 16 17
12 14 16 18 19 21 23 25
1 2 3 4 6 7 8 9
8 11 12 16 18 20 23 25
1 2 4 6 8 10 12 13
4 6 8 10 13 14 18 20
4 6 7 8 9 11 12 15
6 7 9 12 14 15 19 22
3
2 3 4
1 2 3
3 4 5
1 2 3
3 4 5
10
17 20 24 30 31 37 40 43 44 47
17 20 23 26 27 30 33 36 38 40
20 25 29 32 33 34 38 39 42 44
3 5 6 8 9 11 12 14 15 17
11 13 17 22 23 28 30 33 34 36
8 9 12 13 16 17 20 21 23 24
19 23 26 29 31 33 36 38 41 43
5 7 9 13 15 19 20 23 25 28
8 11 13 19 20 24 26 29 32 33
15 19 23 28 30 34 38 41 42 44
6 10 12 16 17 22 23 26 29 32
6 7 10 11 12 13 15 16 19 20
11 13 16 19 20 22 23 25 28 30
9 12 16 20 21 26 27 31 33 34
12 15 20 23 26 31 33 36 38 41
13 15 17 20 21 23 26 27 30 31
23 28 32 33 34 36 41 43 44 47
16 19 22 24 26 28 31 32 34 37
3 6 8 11 13 16 17 19 20 23
8
5 7 10 11 14 16 18 19
3 5 7 8 10 12 14 15
5 7 8 10 11 13 14 16
7 8 10 11 12 14 16 17
2 3 5 7 8 10 11 13
8 10 12 14 16 17 19 20
10 12 14 16 17 18 20 22
2 3 4 5 7 8 9 11
9 11 14 16 19 20 23 24
4 6 8 10 12 14 15 17
11 12 16 17 20 22 24 26
7 8 11 12 16 17 19 20
8 10 13 14 17 18 21 23
11 14 15 18 19 21 23 24
13 15 17 19 20 23 24 26
10
5 7 10 11 14 15 16 18 21 22
21 27 28 30 34 38 41 42 43 47
10 14 17 18 21 23 25 29 32 33
3 4 6 8 10 11 14 16 19 21
12 17 20 21 24 25 28 32 33 34
21 22 28 31 33 34 40 43 46 47
14 16 20 24 25 28 30 33 38 41
8 12 14 17 18 21 24 26 27 31
11 15 19 21 23 25 29 32 35 38
3 5 6 8 10 12 14 16 18 21
18 25 27 28 31 35 38 40 41 46
16 18 23 26 29 32 34 36 40 42
16 22 25 27 29 32 33 36 38 43
6 10 12 14 17 20 22 25 27 28
19 21 25 27 32 33 37 38 41 43
6 9 12 15 17 19 20 23 25 28
4 7 9 12 14 17 20 22 25 27
14 20 22 25 28 29 30 34 37 40
10 14 17 18 21 24 28 29 31 34
4
4 7 8 13
3 6 7 10
6 7 8 13
5 10 13 16
1 3 4 5
1 3 6 8
8 10 13 16
5
2 5 7 8 10
9 11 15 18 21
8 11 14 18 19
5 7 9 11 14
5 7 10 11 14
11 14 17 19 24
7 10 13 15 17
6 9 13 14 15
2 5 6 9 11
5
6 8 9 12 13
3 4 6 8 10
2 4 7 8 10
8 10 11 14 15
5 7 8 10 11
1 3 5 6 8
6 8 10 12 14
1 2 4 6 7
7 10 11 13 15
7
1 2 3 4 5 6 23
23 24 26 28 30 33 34
6 11 15 18 20 21 33
2 7 8 9 10 11 24
4 9 13 16 17 18 29
2 7 8 9 10 11 25
1 2 3 4 5 6 22
5 10 14 17 19 20 30
22 25 27 29 31 32 34
4 9 13 16 17 18 28
6 11 15 18 20 21 32
3 8 12 13 14 15 26
5 10 14 17 19 20 31
3
3 4 5
2 3 4
2 3 4
1 2 3
1 2 3
4
35 62 86 104
27 47 67 73
47 65 98 114
58 73 104 114
24 47 62 65
4 24 41 58
4 27 35 47
2
2 4
6 8
4 8
4
2 3 4 5
3 4 5 6
4 5 6 7
4 5 6 7
1 2 3 4
3 4 5 6
1 2 3 4
4
11 14 22 27
9 13 18 19
8 10 11 14
5 8 9 11
6 10 13 14
8 14 19 27
5 6 7 8
7
9 12 18 20 22 25 27
4 6 9 10 11 13 16
8 10 15 16 18 19 22
15 18 23 27 30 32 33
1 3 4 6 9 10 11
6 10 15 16 20 24 27
10 13 17 19 25 28 32
4 9 12 15 18 21 23
9 11 16 18 22 25 30
6 7 12 15 16 17 20
1 4 6 8 9 12 15
11 16 20 22 27 29 33
3 6 7 10 12 13 18
10
17 38 58 62 64 71 86 99 102 105
42 93 95 122 133 169 179 199 231 257
33 52 78 95 119 142 162 177 202 227
41 69 91 119 132 165 166 194 212 243
149 198 205 230 246 267 283 290 340 352
62 99 108 138 152 181 193 213 253 266
86 162 166 179 193 208 212 237 252 283
102 202 212 231 253 268 271 294 317 340
58 78 91 95 108 118 146 178 184 205
62 95 119 122 138 160 164 180 204 230
71 142 165 169 181 192 203 209 230 267
92 134 146 164 189 203 212 246 271 309
133 178 184 204 220 230 252 276 317 332
76 114 118 160 163 192 208 227 268 284
17 33 41 42 62 76 92 116 133 149
38 52 69 93 99 114 134 156 178 198
105 227 243 257 266 284 309 326 332 352
64 119 132 133 152 163 189 202 220 246
116 156 178 180 202 209 237 271 294 326
4
4 8 12 16
9 10 11 12
13 14 15 16
5 6 7 8
1 2 3 4
3 7 11 15
1 5 9 13
2
3 5
1 3
1 2
4
8 10 12 13
2 4 5 9
2 4 5 10
3 5 6 12
7 9 11 13
1 2 3 7
3 5 6 11
10
41 42 43 44 45 46 47 48 49 50
1 11 21 31 41 51 61 71 81 91
10 20 30 40 50 60 70 80 90 100
2 12 22 32 42 52 62 72 82 92
3 13 23 33 43 53 63 73 83 93
4 14 24 34 44 54 64 74 84 94
6 16 26 36 46 56 66 76 86 96
1 2 3 4 5 6 7 8 9 10
61 62 63 64 65 66 67 68 69 70
7 17 27 37 47 57 67 77 87 97
5 15 25 35 45 55 65 75 85 95
21 22 23 24 25 26 27 28 29 30
51 52 53 54 55 56 57 58 59 60
71 72 73 74 75 76 77 78 79 80
31 32 33 34 35 36 37 38 39 40
8 18 28 38 48 58 68 78 88 98
11 12 13 14 15 16 17 18 19 20
81 82 83 84 85 86 87 88 89 90
91 92 93 94 95 96 97 98 99 100
7
6 8 11 14 15 18 19
3 6 9 10 11 14 15
3 5 6 7 8 9 12
5 7 10 12 14 16 18
1 2 3 5 6 8 10
1 3 5 7 8 10 11
7 8 10 12 14 15 17
8 9 12 15 16 19 21
11 13 15 18 19 21 23
8 9 11 14 15 16 19
2 5 7 8 9 12 13
5 7 9 10 11 12 13
10 12 14 16 18 19 20
3
3 5 8
5 8 9
5 8 10
3 5 8
8 9 13
6
8 11 12 16 17 21
4 5 8 10 14 15
10 13 16 17 18 22
15 20 21 22 27 29
14 16 17 18 25 26
4 7 8 10 14 16
8 11 12 16 19 21
5 9 11 13 15 19
16 19 21 24 26 29
14 15 19 23 25 27
7 9 11 13 16 20
7
89 108 135 140 161 193 214
70 71 94 97 142 147 162
54 83 96 97 138 140 158
74 94 119 138 152 171 178
46 60 68 96 120 123 137
18 44 60 71 94 108 126
27 44 67 83 91 101 108
16 18 30 54 73 86 94
30 67 68 94 119 135 146
112 126 146 158 163 213 238
86 101 123 147 171 193 213
94 108 137 162 178 214 238
73 91 120 142 152 161 163
10
5 7 8 9 12 13 15 17 19 21
13 17 18 20 21 23 25 26 28 30
16 18 21 23 24 25 26 27 30 32
11 15 16 17 19 20 23 25 26 27
3 6 7 8 10 11 13 15 17 18
14 16 19 21 22 23 25 26 28 29
8 11 13 15 16 17 18 22 23 25
7 8 9 11 13 15 16 17 20 21
15 18 20 21 22 24 27 28 29 32
2 4 5 6 7 8 9 11 13 15
2 3 5 7 8 9 11 12 14 16
9 13 14 16 17 19 21 24 25 26
11 13 15 16 17 18 21 23 25 27
6 8 9 11 13 15 16 19 21 23
9 12 13 15 16 17 19 20 23 24
4 6 7 8 10 12 13 15 16 18
5 7 8 9 12 13 14 16 18 20
12 15 17 19 21 22 24 25 26 28
7 10 12 13 14 16 17 21 22 24
3
12 20 22
10 15 20
8 15 19
5 8 12
5 10 13
10
14 16 23 24 29 31 35 36 38 42
17 23 27 28 31 32 37 38 40 43
14 19 21 25 26 28 32 35 37 38
7 12 15 17 20 23 25 27 28 31
8 13 18 19 23 24 26 28 31 32
20 24 29 31 32 33 40 42 44 45
16 20 24 27 28 31 34 36 39 42
12 17 18 23 24 26 30 31 35 37
3 6 7 9 11 12 14 16 17 20
16 18 25 28 32 35 37 39 40 44
17 19 27 30 35 37 38 42 43 45
9 10 13 17 19 22 23 24 28 30
10 14 19 22 24 26 28 31 32 33
6 9 12 13 17 18 21 24 27 29
3 4 6 7 8 10 11 14 16 17
4 8 9 10 14 17 19 20 23 24
11 15 22 23 27 30 32 34 37 40
6 8 9 12 13 14 15 16 18 19
11 14 17 20 23 24 27 29 32 35
2
2 4
2 5
4 8
4
1 4 6 8
4 5 6 10
1 4 5 8
6 8 9 12
5 6 9 13
8 11 13 14
8 10 12 14
7
1 8 15 22 29 36 43
6 13 20 27 34 41 48
4 11 18 25 32 39 46
8 9 10 11 12 13 14
29 30 31 32 33 34 35
7 14 21 28 35 42 49
36 37 38 39 40 41 42
43 44 45 46 47 48 49
3 10 17 24 31 38 45
22 23 24 25 26 27 28
2 9 16 23 30 37 44
5 12 19 26 33 40 47
1 2 3 4 5 6 7
6
4 6 9 12 14 17
5 6 9 11 13 17
2 4 6 8 10 11
1 2 4 7 9 12
7 8 11 14 17 18
3 4 6 8 11 14
9 11 13 17 20 23
6 8 12 14 17 19
7 10 14 17 20 23
8 11 17 18 23 26
12 14 17 19 23 26
3
4 6 9
4 6 7
6 8 14
9 14 15
7 11 15
2
8 9
4 8
8 9
7
8 10 13 16 19 21 22
9 10 12 15 21 23 27
10 11 13 17 22 24 30
1 2 3 6 8 9 10
6 7 8 10 16 18 22
13 16 19 22 24 27 30
10 12 16 18 22 23 24
2 3 5 6 10 12 16
4 5 7 8 10 12 13
8 9 10 12 19 22 24
3 6 7 9 13 16 19
2 3 6 7 9 10 11
1 2 4 5 8 10 13
2
2 6
6 8
2 4
2
2 22
22 222
22 222
