100
2 3 2
1 1 1
2 1 2
3 2 3
75 1 75
59 10 59
26 9 26
4 3 4
84 7 84
74 9 74
23 4 23
7 3 7
94 6 94
63 5 63
1 100 1
1 3 1
71 4 71
15 2 15
6 6 6
3 37 3
19 2 19
65 9 65
62 3 62
4 5 4
25 1 25
1 4 1
1 74 1
99 3 99
1 25 1
38 3 38
4 2 4
1 31 1
2 2 2
74 2 74
70 9 70
6 1 6
63 3 63
86 6 86
95 8 95
5 19 5
4 1 4
34 9 34
6 21 6
8 11 8
6 5 6
59 1 59
3 17 3
6 23 6
3 4 3
100 4 100
67 9 67
12 1 12
17 5 17
2 59 2
10 18 10
14 10 14
45 7 45
19 7 19
20 10 20
4 4 4
95 3 95
89 9 89
57 1 57
79 8 79
100 9 100
16 13 16
13 8 13
10 7 10
100 1 100
28 2 28
1 76 1
25 4 25
14 7 14
49 7 49
49 3 49
29 6 29
11 16 11
4 29 4
3 1 3
83 6 83
17 10 17
100 6 100
3 3 3
6 2 6
9 17 9
80 8 80
3 19 3
100 3 100
1 2 1
50 1 50
59 6 59
2 4 2
47 1 47
5 23 5
44 2 44
1 46 1
92 2 92
100 2 100
16 4 16
10 5 10
